1303289554762305538 12 
1371241850074406915 20 前360高管
1346830626683580416 20,17,8 
822139984895299584 9 
1635708896021970959 3 
158358484 9 
118169394 19 
1334822212797272066 10 
257050388 17 
85214806 3 
1938963008 18 
1710340294334648320 20 
1669195927285035009  專業打假號
1638332204626464771 16 
1552624965195042818 21 
1634064875248041984 20,21 猫狗共和国
779799806 1 
1406876608556769284 12 
2399100488 12 
569860610 3 原微博审核员
1714664232913154048 12 
1541520122350796811 2 
1472039984097988614 9 
1694936667898167297 16 
1109209224855220224 16 
1571296108781129729 16 
1370359999629643779 16 
1496399888149528579 16 
1423805925790339075 12 
3422296691 12 
1576953927823552512 16 
1274902125110161408 12 
1389994904693088256 14 
1654121858017656833 16 
722848046321508352  
468170852 12 
1517102104028278784 14,20 
1641817996091072514 14,20 
1731691318181494784 20,17,14 
1717583266616942594 20,17 
1346830626683580416 20,17,8 
1503173274456367105 17 
3460383084 17 
1223168005607063552 17 
1746459006422671360 12 
1260553941714186241 9
