1382209054999646212  假马斯克
1586332050528915457 8 
1596918985609601024 9 
827972416567652352 8 
894650918075064321 8,6 
44196397 1 
5967912 8,17 
2262723812 2 
1587300828645576704 19 
19176592 17 
1532475014607413248 5 
1519141539212972032 11 
49216398 8 
1323064544302755841 13 
1450843671385964546 16 
876926961741742081 9 
1120633726478823425 3 
1373109588304699396 5 
1229038317171179520 10 
1612101590340755456 17 
24124203 17 
1323564139302711297 3 
1260553941714186241 8 
2888263328 19 
1166049513875922945 6 
1273795454237581313 3 
118384479 19 
1519141539212972032 11 
49216398 8 
1323064544302755841 13 
1450843671385964546 16 
876926961741742081 9 
1120633726478823425 3 
1373109588304699396 5 
1229038317171179520 10 
1612101590340755456 17 
24124203 17 
1323564139302711297 3 
1260553941714186241 8 
5967912 8,17 
2888263328 19 
1166049513875922945 6 
1273795454237581313 3 
118384479 19 
1436285884907802654 6 