104611567
105025751
1134564378412429312
1230729395230216193
1310275768191193088
1373993727207874560
1378035406856355840
1389230853167882253
1458232414342238208
1492508886120603651
1500161108207976457
1516394165629710343
1517365531321389056
1528300792511447045
1531958358110261252
1598981544969834496
1636294280385028096
1668895944568623104
1703409492984201216
1709783227836313600
1717475365315051520
174693826
2099471
223402423
245662871
304165652
34743251
360766906
44196397
50292245
534284244
828813364927295488
863591267388710913
877807935493033984
902926941413453824
937815069408325632
99928183