950808703061524480
947652800820813824
893686951710081024
885667620510236677
545738887
4775210080
46327296
455927619
444191308
3588057438
267695291
2361687936
1851790206
1648327430686527488
1641749428704022530
1625728691534954498
1610564803201728517
1610011266231181312
1599201794206224384
1599029634661699584
1572791769439535104
1552624965195042818
1541120473831854080
1519141539212972032
1507290698835378178
1456239176827944965
1430955230800322568
1427091114541031426
1426789547954737153
1391704677591379970
136478699
1280346745470439429
1249003905955946498
1194797560717660160
1166049513875922945
1149739915799719937
1143748459435925504
1139328972313862144
1127729179892568064